image_width: 640
image_height: 480
camera_name: camera
camera_matrix:
  rows: 3
  cols: 3
  data: [624.525566, 0, 309.348301, 0, 623.542897, 245.084446, 0, 0, 1]
distortion_model: plumb_bob
distortion_coefficients:
  rows: 1
  cols: 5
  data: [0.143384, -0.34876, -0.001254, -0.006091, 0]
rectification_matrix:
  rows: 3
  cols: 3
  data: [1, 0, 0, 0, 1, 0, 0, 0, 1]
projection_matrix:
  rows: 3
  cols: 4
  data: [631.598877, 0, 305.688095, 0, 0, 633.21106, 244.193869, 0, 0, 0, 1, 0]